00001 | 201
00002 | 146
00003 | 153
00004 | 199
00005 | 123
00006 | 213
00007 | 241
00008 | 289
00009 | 72
00010 | 48
00011 | 130
00012 | 104
00013 | 92
00014 | 331
00015 | 91
00016 | 59
00017 | 86
00018 | 269
00019 | 266
00020 | 84
00021 | 86
00022 | 166
00023 | 173
00024 | 215
00025 | 72
00026 | 104
00027 | 93
00028 | 70
00029 | 99
00030 | 166
00031 | 180
00032 | 62
00033 | 100
00034 | 156
00035 | 56
00036 | 193
00037 | 153
00038 | 102
00039 | 110
00040 | 110
00041 | 108
00042 | 51
00043 | 240
00044 | 55
00045 | 93
00046 | 204
00047 | 196
00048 | 198
00049 | 110
00050 | 84
00051 | 102
00052 | 115
00053 | 92
00054 | 70
00055 | 235
00056 | 140
00057 | 46
00058 | 173
00059 | 115
00060 | 151
00061 | 193
00062 | 193
00063 | 213
00064 | 90
00065 | 222
00066 | 125
00067 | 197
00068 | 81
00069 | 178
00070 | 118
00071 | 276
00072 | 128
00073 | 215
00074 | 91
00075 | 125
00076 | 115
00077 | 267
00078 | 94
00079 | 124
00080 | 108
00081 | 143
00082 | 85
00083 | 192
00084 | 93
00085 | 120
00086 | 237
00087 | 104
00088 | 108
00089 | 208
00090 | 115
00091 | 151
00092 | 110
00093 | 195
00094 | 72
00095 | 175
00096 | 88
00097 | 123
00098 | 220
00099 | 107
00100 | 194
00101 | 100
00102 | 192
00103 | 167
00104 | 319
00105 | 103
00106 | 165
00107 | 245
00108 | 135
00109 | 120
00110 | 112
00111 | 233
00112 | 144
00113 | 61
00114 | 99
00115 | 116
00116 | 100
00117 | 109
00118 | 242
00119 | 100
00120 | 126
00121 | 198
00122 | 181
00123 | 156
00124 | 159
00125 | 177
00126 | 223
00127 | 83
00128 | 5
00130 | 79
00131 | 115
00133 | 212
00134 | 177
00135 | 150
00136 | 104
00137 | 274
00138 | 92
00139 | 249
00140 | 184
00141 | 299
00142 | 49
00143 | 216
00144 | 245
00145 | 145
00146 | 92
00147 | 176
00148 | 135
00149 | 142
00150 | 184
00151 | 88
00152 | 120
00153 | 89
00154 | 100
00155 | 117
00156 | 69
00157 | 50
00158 | 65
00159 | 120
00160 | 113
00161 | 122
00162 | 97
00163 | 223
00164 | 90
00165 | 249
00166 | 92
00167 | 66
00168 | 109
00169 | 87
00170 | 69
00171 | 59
00172 | 232
00173 | 160
00174 | 110
00175 | 182
00176 | 164
00177 | 171
00178 | 205
00179 | 242
00180 | 164
00181 | 138
00182 | 63
00183 | 100
00184 | 57
00185 | 258
00186 | 92
00187 | 126
00188 | 184
00189 | 129
00190 | 165
00191 | 84
00192 | 229
00193 | 193
00194 | 224
00195 | 138
00196 | 131
00197 | 174
00198 | 71
00199 | 84
00201 | 248
00202 | 182
00203 | 183
00204 | 48
00205 | 198
00206 | 144
00207 | 70
00208 | 197
00209 | 138
00210 | 53
00211 | 118
00212 | 101
00214 | 112
00215 | 317
00216 | 134
00217 | 75
00218 | 80
00220 | 128
00221 | 96
00222 | 65
00223 | 131
00224 | 189
00225 | 155
00226 | 44
00227 | 89
00228 | 147
00229 | 75
00230 | 130
00231 | 107
00232 | 118
00233 | 90
00234 | 190
00235 | 261
00236 | 163
00237 | 79
00238 | 166
00239 | 144
00240 | 59
00241 | 138
00242 | 165
00243 | 182
00244 | 287
00245 | 109
00246 | 199
00247 | 125
00248 | 201
00249 | 80
00250 | 195
00251 | 209
00252 | 107
00253 | 209
00254 | 125
00255 | 132
00256 | 146
00257 | 125
00258 | 359
00259 | 270
00260 | 271
00261 | 196
00262 | 49
00263 | 277
00264 | 87
00265 | 107
00266 | 151
00267 | 114
00268 | 302
00269 | 109
00270 | 204
00271 | 126
00272 | 186
00273 | 64
00274 | 69
00275 | 97
00276 | 122
00277 | 92
00278 | 258
00279 | 212
00280 | 127
00281 | 274
00283 | 112
00284 | 125
00285 | 81
00286 | 164
00287 | 158
00288 | 124
00289 | 65
00290 | 155
00291 | 156
00292 | 85
00293 | 137
00294 | 110
00295 | 186
00297 | 229
00298 | 144
00299 | 98
00300 | 162
00301 | 151
00302 | 118
00303 | 160
00304 | 304
00305 | 245
00306 | 298
00307 | 479
00308 | 155
00309 | 78
00310 | 150
00311 | 94
00312 | 212
00313 | 192
00314 | 291
00315 | 218
00316 | 101
00317 | 234
00318 | 51
00319 | 139
00320 | 198
00321 | 60
00322 | 229
00323 | 131
00324 | 160
00325 | 237
00326 | 213
00327 | 113
00328 | 105
00329 | 80
00330 | 209
00331 | 129
00332 | 201
00333 | 359
00334 | 173
00335 | 167
00336 | 122
00337 | 104
00338 | 52
00339 | 53
00340 | 107
00341 | 147
00342 | 170
00344 | 86
00345 | 238
00346 | 193
00347 | 256
00348 | 220
00349 | 166
00350 | 128
00351 | 139
00352 | 145
00353 | 52
00354 | 65
00355 | 167
00356 | 192
00357 | 82
00358 | 249
00359 | 220
00360 | 248
00361 | 70
00362 | 121
00363 | 103
00364 | 150
00365 | 61
00366 | 94
00367 | 300
00368 | 210
00369 | 224
00370 | 283
00371 | 141
00372 | 163
00373 | 174
00374 | 180
00375 | 284
00376 | 49
00377 | 193
00378 | 101
00379 | 116
00380 | 133
00381 | 37
00382 | 106
00383 | 188
00384 | 99
00385 | 101
00386 | 131
00387 | 148
00388 | 92
00389 | 90
00390 | 84
00391 | 74
00392 | 195
00393 | 201
00394 | 100
00395 | 128
00396 | 84
00398 | 118
00399 | 86
00400 | 182
00401 | 144
00402 | 58
00403 | 85
00404 | 119
00405 | 159
00406 | 106
00407 | 116
00408 | 105
00409 | 72
00410 | 146
00411 | 221
00412 | 103
00413 | 113
00414 | 215
00415 | 251
00416 | 167
00417 | 146
00418 | 108
00419 | 69
00420 | 86
00421 | 183
00422 | 157
00423 | 159
00424 | 244
00425 | 101
00426 | 95
00427 | 69
00428 | 36
00429 | 240
00430 | 210
00431 | 196
00432 | 157
00433 | 71
00434 | 106
00435 | 166
00436 | 153
00437 | 169
00438 | 117
00439 | 126
00440 | 197
00441 | 254
00442 | 161
00443 | 106
00444 | 125
00445 | 176
00446 | 119
00447 | 199
00448 | 92
00449 | 72
00450 | 140
00451 | 186
00452 | 155
00453 | 223
00454 | 59
00455 | 81
00456 | 70
00457 | 127
00458 | 207
00459 | 106
00460 | 145
00461 | 45
00462 | 214
00463 | 225
00464 | 53
00466 | 131
00467 | 169
00468 | 106
00469 | 152
00470 | 166
00471 | 125
00472 | 98
00473 | 166
00474 | 81
00475 | 124
00476 | 125
00477 | 62
00478 | 104
00479 | 119
00480 | 64
00481 | 169
00482 | 169
00483 | 177
00484 | 259
00485 | 140
00486 | 126
00487 | 114
00488 | 61
00490 | 103
00493 | 161
00494 | 78
00495 | 159
00496 | 142
00497 | 107
00498 | 164
00499 | 89
00500 | 73
00501 | 181
00502 | 146
00503 | 140
00504 | 167
00505 | 223
00506 | 154
00509 | 145
00510 | 126
00511 | 168
00512 | 48
00514 | 109
00515 | 222
00516 | 141
00517 | 161
00518 | 113
00519 | 181
00520 | 205
00521 | 327
00522 | 290
00523 | 140
00524 | 103
00525 | 143
00526 | 206
00527 | 187
00528 | 172
00529 | 200
00530 | 272
00531 | 168
00532 | 323
00533 | 165
00534 | 182
00535 | 199
00536 | 135
00538 | 133
00539 | 143
00540 | 107
00541 | 177
00542 | 270
00543 | 200
00544 | 110
00545 | 137
00546 | 142
00547 | 65
00548 | 158
00549 | 94
00550 | 265
00551 | 178
00552 | 41
00553 | 233
00554 | 134
00555 | 106
00556 | 104
00557 | 138
00558 | 37
00559 | 311
00560 | 72
00561 | 93
00562 | 60
00563 | 451
00564 | 225
00565 | 222
00566 | 80
00567 | 260
00568 | 129
00569 | 78
00570 | 126
00571 | 141
00572 | 199
00573 | 257
00574 | 200
00575 | 240
00576 | 105
00577 | 225
00578 | 178
00579 | 71
00580 | 39
00581 | 109
00582 | 121
00583 | 108
00584 | 159
00585 | 201
00586 | 123
00587 | 163
00588 | 239
00589 | 221
00590 | 123
00591 | 121
00592 | 130
00593 | 104
00594 | 99
00595 | 142
00596 | 220
00597 | 148
00598 | 84
00599 | 141
00600 | 88
00601 | 92
00602 | 133
00603 | 73
00604 | 130
00605 | 101
00606 | 229
00607 | 221
00608 | 206
00609 | 59
00610 | 180
00611 | 165
00612 | 224
00613 | 170
00614 | 90
00615 | 181
00616 | 150
00617 | 204
00618 | 78
00619 | 49
00620 | 44
00621 | 124
00622 | 228
00623 | 85
00624 | 76
00625 | 146
00626 | 87
00628 | 92
00629 | 177
00630 | 167
00631 | 227
00632 | 130
00633 | 127
00634 | 132
00635 | 175
00636 | 74
00637 | 75
00638 | 100
00639 | 102
00640 | 130
00641 | 121
00642 | 68
00643 | 268
00644 | 137
00645 | 138
00646 | 222
00647 | 170
00648 | 127
00649 | 95
00650 | 93
00651 | 90
00652 | 193
00653 | 190
00654 | 99
00655 | 262
00656 | 27
00657 | 157
00658 | 216
00659 | 104
00660 | 381
00661 | 214
00662 | 112
00663 | 37
00664 | 142
00665 | 145
00666 | 83
00667 | 284
00668 | 115
00669 | 197
00670 | 86
00671 | 120
00672 | 111
00673 | 241
00674 | 152
00675 | 232
00676 | 358
00677 | 197
00678 | 175
00679 | 121
00680 | 160
00681 | 112
00682 | 67
00683 | 97
00684 | 125
00685 | 99
00686 | 213
00687 | 91
00688 | 140
00689 | 176
00690 | 134
00691 | 108
00692 | 49
00693 | 137
00694 | 226
00695 | 122
00696 | 147
00697 | 101
00698 | 64
00699 | 89
00700 | 47
00701 | 91
00702 | 172
00703 | 277
00704 | 114
00705 | 110
00706 | 125
00707 | 126
00708 | 64
00709 | 205
00710 | 239
00711 | 120
00712 | 103
00713 | 202
00714 | 238
00715 | 103
00716 | 173
00717 | 108
00718 | 82
00719 | 195
00720 | 48
00721 | 105
00722 | 184
00723 | 69
00725 | 214
00726 | 259
00727 | 73
00728 | 73
00729 | 65
00730 | 196
00731 | 99
00732 | 128
00733 | 124
00734 | 155
00735 | 119
00736 | 88
00737 | 156
00738 | 297
00739 | 194
00740 | 187
00741 | 108
00742 | 389
00743 | 191
00744 | 180
00745 | 367
00746 | 288
00747 | 90
00748 | 274
00749 | 424
00750 | 115
00751 | 142
00752 | 86
00753 | 183
00754 | 172
00755 | 195
00756 | 75
00757 | 109
00758 | 127
00759 | 78
00760 | 135
00761 | 128
00762 | 150
00763 | 53
00764 | 53
00765 | 217
00766 | 164
00767 | 153
00768 | 99
00769 | 156
00770 | 60
00771 | 176
00772 | 8
00773 | 126
00774 | 91
00775 | 82
00776 | 225
00777 | 82
00778 | 242
00779 | 171
00780 | 40
00781 | 106
00782 | 231
00783 | 85
00784 | 91
00785 | 172
00786 | 172
00787 | 60
00788 | 90
00789 | 58
00790 | 145
00791 | 166
00792 | 123
00793 | 98
00794 | 206
00795 | 212
00796 | 94
00797 | 79
00798 | 249
00799 | 25
00800 | 198
00801 | 120
00802 | 65
00803 | 257
00804 | 274
00805 | 202
00806 | 116
00807 | 162
00808 | 70
00809 | 70
00810 | 98
00811 | 230
00812 | 278
00813 | 150
00814 | 102
00815 | 135
00816 | 178
00817 | 86
00818 | 228
00819 | 190
00820 | 108
00821 | 133
00822 | 161
00823 | 132
00824 | 98
00825 | 84
00826 | 46
00827 | 100
00828 | 43
00829 | 64
00830 | 108
00831 | 155
00832 | 84
00833 | 30
00834 | 41
00835 | 142
00836 | 92
00837 | 86
00838 | 135
00839 | 15
00840 | 239
00841 | 120
00842 | 159
00843 | 108
00844 | 234
00845 | 64
00846 | 103
00847 | 160
00848 | 150
00849 | 179
00850 | 107
00851 | 74
00852 | 125
00853 | 94
00854 | 136
00855 | 127
00856 | 225
00857 | 115
00858 | 203
00859 | 81
00860 | 250
00861 | 81
00862 | 121
00863 | 77
00864 | 172
00865 | 163
00866 | 227
00867 | 182
00868 | 210
00869 | 112
00870 | 105
00871 | 99
00872 | 97
00873 | 93
00874 | 120
00875 | 206
00876 | 144
00877 | 170
00878 | 110
00879 | 226
00880 | 129
00881 | 93
00882 | 93
00883 | 63
00884 | 115
00885 | 194
00886 | 182
00887 | 142
00888 | 95
00889 | 72
00890 | 252
00891 | 118
00892 | 366
00893 | 36
00894 | 55
00895 | 194
00896 | 186
00897 | 89
00898 | 106
00899 | 141
00900 | 57
00901 | 203
00903 | 133
00904 | 109
00905 | 160
00906 | 59
00907 | 110
00908 | 30
00909 | 111
00910 | 79
00911 | 173
00912 | 131
00913 | 155
00914 | 141
00915 | 116
00916 | 89
00917 | 170
00918 | 77
00919 | 156
00920 | 128
00921 | 78
00922 | 197
00923 | 95
00924 | 117
00925 | 271
00927 | 110
00928 | 99
00929 | 74
00930 | 129
00931 | 86
00932 | 51
00933 | 125
00934 | 89
00935 | 92
00936 | 119
00937 | 90
00938 | 40
00939 | 19
00941 | 97
00942 | 44
00943 | 139
00944 | 104
00945 | 163
00946 | 150
00947 | 129
00948 | 47
00949 | 202
00950 | 164
00951 | 218
00952 | 118
00953 | 169
00954 | 158
00955 | 344
00956 | 429
00957 | 150
00958 | 69
00959 | 180
00960 | 191
00961 | 233
00962 | 154
00963 | 196
00964 | 141
00965 | 75
00966 | 74
00967 | 153
00968 | 251
00969 | 204
00970 | 84
00971 | 136
00972 | 86
00973 | 205
00974 | 44
00975 | 123
00976 | 192
00977 | 62
00978 | 256
00979 | 82
00980 | 142
00981 | 158
00982 | 198
00983 | 213
00984 | 101
00985 | 219
00986 | 230
00987 | 165
00988 | 195
00989 | 297
00990 | 146
00991 | 76
00992 | 122
00993 | 249
00994 | 163
00995 | 98
00996 | 110
00997 | 113
00998 | 144
00999 | 130
01000 | 311
01001 | 111
01002 | 181
01003 | 336
01004 | 142
01005 | 212
01006 | 238
01007 | 77
01008 | 116
01009 | 62
01010 | 84
01011 | 84
01012 | 115
01014 | 217
01015 | 43
01016 | 267
01017 | 93
01018 | 27
01019 | 110
01020 | 156
01021 | 144
01022 | 70
01023 | 51
01024 | 81
01025 | 59
01026 | 99
01027 | 138
01028 | 138
01029 | 211
01030 | 159
01031 | 135
01032 | 55
01034 | 223
01035 | 131
01036 | 127
01037 | 116
01038 | 258
01039 | 138
01040 | 73
01041 | 172
01042 | 186
01043 | 200
01044 | 210
01045 | 155
01046 | 144
01047 | 205
01048 | 216
01049 | 133
01050 | 83
01051 | 176
01052 | 102
01053 | 103
01054 | 85
01055 | 121
01056 | 99
01057 | 54
01058 | 73
01059 | 167
01060 | 86
01061 | 62
01062 | 198
01063 | 63
01064 | 107
01065 | 120
01066 | 138
01067 | 217
01068 | 116
01069 | 57
01070 | 170
01071 | 148
01072 | 64
01073 | 128
01074 | 140
01075 | 159
01076 | 141
01077 | 110
01078 | 157
01079 | 134
01080 | 36
01081 | 107
01082 | 53
01083 | 312
01084 | 152
01085 | 276
01086 | 237
01087 | 129
01088 | 146
01089 | 157
01090 | 174
01091 | 215
01092 | 192
01093 | 100
01094 | 39
01095 | 67
01096 | 131
01097 | 53
01098 | 134
01099 | 218
01100 | 113
01101 | 135
01102 | 80
01104 | 116
01105 | 191
01106 | 136
01107 | 147
01108 | 158
01109 | 89
01110 | 171
01111 | 97
01112 | 195
01113 | 82
01114 | 67
01115 | 159
01116 | 140
01117 | 123
01118 | 84
01119 | 143
01120 | 444
01121 | 339
01122 | 103
01123 | 93
01124 | 145
01125 | 168
01126 | 69
01127 | 111
01128 | 143
01129 | 191
01130 | 204
01131 | 133
01132 | 88
01133 | 58
01135 | 134
01136 | 156
01137 | 74
01139 | 274
01140 | 164
01141 | 85
01142 | 127
01143 | 174
01144 | 146
01145 | 93
01146 | 212
01147 | 111
01148 | 134
01149 | 310
01150 | 255
01151 | 186
01152 | 137
01153 | 117
01154 | 134
01155 | 59
01156 | 257
01157 | 198
01158 | 85
01159 | 91
01160 | 152
01161 | 66
01162 | 145
01163 | 113
01164 | 127
01165 | 160
01166 | 78
01167 | 183
01168 | 100
01169 | 142
01170 | 231
01171 | 206
01172 | 270
01173 | 254
01174 | 125
01175 | 153
01176 | 87
01177 | 121
01178 | 97
01179 | 80
01180 | 128
01181 | 96
01182 | 67
01183 | 164
01185 | 203
01186 | 118
01187 | 52
01188 | 162
01189 | 80
01191 | 108
01192 | 110
01193 | 142
01194 | 115
01195 | 119
01196 | 103
01197 | 532
01198 | 101
01199 | 244
01200 | 245
01201 | 202
01202 | 229
01203 | 154
01204 | 227
01205 | 185
01206 | 295
01207 | 193
01208 | 115
01209 | 101
01210 | 164
01211 | 95
01212 | 109
01213 | 140
01214 | 59
01215 | 104
01216 | 198
01217 | 135
01218 | 126
01219 | 69
01220 | 140
01221 | 156
01222 | 213
01223 | 132
01224 | 101
01226 | 78
01227 | 169
01228 | 78
01229 | 56
01230 | 79
01231 | 116
01232 | 126
01233 | 49
01234 | 156
01235 | 118
01236 | 129
01237 | 220
01238 | 158
